    0.0000    0.0000    1.0000
    0.0000    0.0769    0.9231
    0.0000    0.1538    0.8462
    0.0000    0.2308    0.7692
    0.0000    0.3077    0.6923
    0.0000    0.3846    0.6154
    0.0000    0.5385    0.4615
    0.0000    0.6154    0.3846
    0.0000    0.6923    0.3077
    0.0000    0.7692    0.2308
    0.0000    0.8462    0.1538
    0.0000    0.9231    0.0769
    0.0000    1.0000    0.0000
    0.0769    0.0000    0.9231
    0.0769    0.0769    0.8462
    0.0769    0.2308    0.6923
    0.0769    0.3077    0.6154
    0.0769    0.3846    0.5385
    0.0769    0.4615    0.4615
    0.0769    0.5385    0.3846
    0.0769    0.6154    0.3077
    0.0769    0.6923    0.2308
    0.0769    0.7692    0.1538
    0.0769    0.8462    0.0769
    0.0769    0.9231    0.0000
    0.1538    0.0000    0.8462
    0.1538    0.0769    0.7692
    0.1538    0.1538    0.6923
    0.1538    0.2308    0.6154
    0.1538    0.3077    0.5385
    0.1538    0.3846    0.4615
    0.1538    0.4615    0.3846
    0.1538    0.5385    0.3077
    0.1538    0.6154    0.2308
    0.1538    0.6923    0.1538
    0.1538    0.7692    0.0769
    0.1538    0.8462    0.0000
    0.2308    0.0000    0.7692
    0.2308    0.0769    0.6923
    0.2308    0.1538    0.6154
    0.2308    0.2308    0.5385
    0.2308    0.3077    0.4615
    0.2308    0.3846    0.3846
    0.2308    0.4615    0.3077
    0.2308    0.5385    0.2308
    0.2308    0.6154    0.1538
    0.2308    0.6923    0.0769
    0.2308    0.7692    0.0000
    0.3077    0.0000    0.6923
    0.3077    0.0769    0.6154
    0.3077    0.1538    0.5385
    0.3077    0.2308    0.4615
    0.3077    0.3846    0.3077
    0.3077    0.4615    0.2308
    0.3077    0.5385    0.1538
    0.3077    0.6154    0.0769
    0.3077    0.6923    0.0000
    0.3846    0.0000    0.6154
    0.3846    0.0769    0.5385
    0.3846    0.1538    0.4615
    0.3846    0.2308    0.3846
    0.3846    0.3077    0.3077
    0.3846    0.3846    0.2308
    0.3846    0.4615    0.1538
    0.3846    0.5385    0.0769
    0.3846    0.6154    0.0000
    0.4615    0.0000    0.5385
    0.4615    0.0769    0.4615
    0.4615    0.1538    0.3846
    0.4615    0.2308    0.3077
    0.4615    0.3077    0.2308
    0.4615    0.3846    0.1538
    0.4615    0.4615    0.0769
    0.4615    0.5385    0.0000
    0.5385    0.0000    0.4615
    0.5385    0.0769    0.3846
    0.5385    0.1538    0.3077
    0.5385    0.2308    0.2308
    0.5385    0.3077    0.1538
    0.5385    0.3846    0.0769
    0.6154    0.0000    0.3846
    0.6154    0.0769    0.3077
    0.6154    0.1538    0.2308
    0.6154    0.2308    0.1538
    0.6154    0.3077    0.0769
    0.6154    0.3846    0.0000
    0.6923    0.0000    0.3077
    0.6923    0.0769    0.2308
    0.6923    0.1538    0.1538
    0.6923    0.2308    0.0769
    0.6923    0.3077    0.0000
    0.7692    0.0000    0.2308
    0.7692    0.0769    0.1538
    0.7692    0.1538    0.0769
    0.7692    0.2308    0.0000
    0.8462    0.0769    0.0769
    0.8462    0.1538    0.0000
    0.9231    0.0000    0.0769
    0.9231    0.0769    0.0000
    1.0000    0.0000    0.0000