    0.0000    0.0000    0.0000    0.0000    1.0000
    0.0000    0.0000    0.0000    0.2500    0.7500
    0.0000    0.0000    0.0000    0.5000    0.5000
    0.0000    0.0000    0.0000    0.7500    0.2500
    0.0000    0.0000    0.0000    1.0000    0.0000
    0.0000    0.0000    0.2500    0.0000    0.7500
    0.0000    0.0000    0.2500    0.2500    0.5000
    0.0000    0.0000    0.2500    0.5000    0.2500
    0.0000    0.0000    0.2500    0.7500    0.0000
    0.0000    0.0000    0.5000    0.2500    0.2500
    0.0000    0.0000    0.5000    0.5000    0.0000
    0.0000    0.0000    0.7500    0.0000    0.2500
    0.0000    0.0000    0.7500    0.2500    0.0000
    0.0000    0.0000    1.0000    0.0000    0.0000
    0.0000    0.2500    0.0000    0.0000    0.7500
    0.0000    0.2500    0.0000    0.2500    0.5000
    0.0000    0.2500    0.0000    0.5000    0.2500
    0.0000    0.2500    0.0000    0.7500    0.0000
    0.0000    0.2500    0.2500    0.0000    0.5000
    0.0000    0.2500    0.2500    0.2500    0.2500
    0.0000    0.2500    0.5000    0.0000    0.2500
    0.0000    0.2500    0.5000    0.2500    0.0000
    0.0000    0.2500    0.7500    0.0000    0.0000
    0.0000    0.5000    0.0000    0.0000    0.5000
    0.0000    0.5000    0.0000    0.2500    0.2500
    0.0000    0.5000    0.0000    0.5000    0.0000
    0.0000    0.5000    0.2500    0.0000    0.2500
    0.0000    0.5000    0.2500    0.2500    0.0000
    0.0000    0.5000    0.5000    0.0000    0.0000
    0.0000    0.7500    0.0000    0.2500    0.0000
    0.0000    0.7500    0.2500    0.0000    0.0000
    0.0000    1.0000    0.0000    0.0000    0.0000
    0.2500    0.0000    0.0000    0.0000    0.7500
    0.2500    0.0000    0.0000    0.2500    0.5000
    0.2500    0.0000    0.0000    0.5000    0.2500
    0.2500    0.0000    0.0000    0.7500    0.0000
    0.2500    0.0000    0.2500    0.0000    0.5000
    0.2500    0.0000    0.2500    0.2500    0.2500
    0.2500    0.0000    0.2500    0.5000    0.0000
    0.2500    0.0000    0.5000    0.0000    0.2500
    0.2500    0.0000    0.5000    0.2500    0.0000
    0.2500    0.0000    0.7500    0.0000    0.0000
    0.2500    0.2500    0.0000    0.0000    0.5000
    0.2500    0.2500    0.0000    0.2500    0.2500
    0.2500    0.2500    0.0000    0.5000    0.0000
    0.2500    0.2500    0.2500    0.0000    0.2500
    0.2500    0.2500    0.2500    0.2500    0.0000
    0.2500    0.2500    0.5000    0.0000    0.0000
    0.2500    0.5000    0.0000    0.0000    0.2500
    0.2500    0.5000    0.0000    0.2500    0.0000
    0.2500    0.5000    0.2500    0.0000    0.0000
    0.2500    0.7500    0.0000    0.0000    0.0000
    0.5000    0.0000    0.0000    0.0000    0.5000
    0.5000    0.0000    0.0000    0.2500    0.2500
    0.5000    0.0000    0.0000    0.5000    0.0000
    0.5000    0.0000    0.2500    0.0000    0.2500
    0.5000    0.0000    0.2500    0.2500    0.0000
    0.5000    0.0000    0.5000    0.0000    0.0000
    0.5000    0.2500    0.0000    0.0000    0.2500
    0.5000    0.2500    0.0000    0.2500    0.0000
    0.5000    0.2500    0.2500    0.0000    0.0000
    0.5000    0.5000    0.0000    0.0000    0.0000
    0.7500    0.0000    0.0000    0.0000    0.2500
    0.7500    0.0000    0.0000    0.2500    0.0000
    0.7500    0.0000    0.2500    0.0000    0.0000
    0.7500    0.2500    0.0000    0.0000    0.0000
    1.0000    0.0000    0.0000    0.0000    0.0000
    0.1000    0.1000    0.1000    0.1000    0.6000
    0.1000    0.1000    0.1000    0.2667    0.4333
    0.1000    0.1000    0.1000    0.4333    0.2667
    0.1000    0.1000    0.1000    0.6000    0.1000
    0.1000    0.1000    0.2667    0.1000    0.4333
    0.1000    0.1000    0.2667    0.2667    0.2667
    0.1000    0.1000    0.2667    0.4333    0.1000
    0.1000    0.1000    0.4333    0.1000    0.2667
    0.1000    0.1000    0.4333    0.2667    0.1000
    0.1000    0.1000    0.6000    0.1000    0.1000
    0.1000    0.2667    0.1000    0.1000    0.4333
    0.1000    0.2667    0.1000    0.2667    0.2667
    0.1000    0.2667    0.1000    0.4333    0.1000
    0.1000    0.2667    0.2667    0.1000    0.2667
    0.1000    0.2667    0.2667    0.2667    0.1000
    0.1000    0.2667    0.4333    0.1000    0.1000
    0.1000    0.4333    0.1000    0.1000    0.2667
    0.1000    0.4333    0.1000    0.2667    0.1000
    0.1000    0.4333    0.2667    0.1000    0.1000
    0.1000    0.6000    0.1000    0.1000    0.1000
    0.2667    0.1000    0.1000    0.1000    0.4333
    0.2667    0.1000    0.1000    0.2667    0.2667
    0.2667    0.1000    0.1000    0.4333    0.1000
    0.2667    0.1000    0.2667    0.1000    0.2667
    0.2667    0.1000    0.2667    0.2667    0.1000
    0.2667    0.2667    0.1000    0.1000    0.2667
    0.2667    0.2667    0.2667    0.1000    0.1000
    0.2667    0.4333    0.1000    0.1000    0.1000
    0.4333    0.1000    0.1000    0.1000    0.2667
    0.4333    0.1000    0.1000    0.2667    0.1000
    0.4333    0.1000    0.2667    0.1000    0.1000
    0.4333    0.2667    0.1000    0.1000    0.1000
    0.6000    0.1000    0.1000    0.1000    0.1000